{
  "total_folds": 10,
  "overall_confusion_matrix_counts": [
    [
      1703,
      423,
      584
    ],
    [
      2018,
      640,
      596
    ],
    [
      2385,
      577,
      570
    ]
  ],
  "overall_confusion_matrix_percent": [
    [
      62.84132841328414,
      15.608856088560884,
      21.54981549815498
    ],
    [
      62.0159803318992,
      19.668100799016592,
      18.315918869084204
    ],
    [
      67.52548131370328,
      16.336353340883353,
      16.138165345413363
    ]
  ],
  "average_auc_scores": {
    "1": 0.592864610184178,
    "2": 0.5767407808890486,
    "3": 0.5341463953721118
  },
  "std_auc_scores": {
    "1": 0.1331012006793755,
    "2": 0.12977592846793864,
    "3": 0.08460923061549384
  },
  "all_fold_aucs": [
    {
      "1": 0.6473645791381394,
      "2": 0.6501573408356778,
      "3": 0.557579862898637
    },
    {
      "1": 0.6211267582163966,
      "2": 0.6751444348630689,
      "3": 0.4639505746133241
    },
    {
      "1": 0.6183918669131239,
      "2": 0.41020479112598734,
      "3": 0.6771167586531468
    },
    {
      "1": 0.676639472043234,
      "2": 0.6612542765699149,
      "3": 0.5616213352172377
    },
    {
      "1": 0.39762917698019806,
      "2": 0.6870701742672097,
      "3": 0.42002910769848445
    },
    {
      "1": 0.825506962335425,
      "2": 0.5328075762514941,
      "3": 0.6093791951939858
    },
    {
      "1": 0.40039041890893745,
      "2": NaN,
      "3": 0.5246385987126728
    },
    {
      "1": 0.5869862056360137,
      "2": 0.5498600223964165,
      "3": 0.49909211235192785
    },
    {
      "1": NaN,
      "2": 0.33658766233766235,
      "3": 0.6060746753246753
    },
    {
      "1": 0.5617460514861335,
      "2": 0.6875807493540053,
      "3": 0.4219817330570266
    }
  ],
  "excluded_subjects": [
    "s02",
    "s19"
  ],
  "total_samples": 14998,
  "feature_count": 17,
  "class_distribution": {
    "3": 5675,
    "2": 4690,
    "1": 4633
  }
}